Problem 1

AREF =

    1.0000         0         0   -0.0105    0.0105
         0    1.0000         0    2.0526   -1.0526
         0         0    1.0000    2.8105   -1.8105
         0         0         0         0         0

w is in the column space of A because AREF is consistent where
AREF is the reduced echelon matrix built from A augmented by w.
w is not in the null space of A because ANUL is not the zero
vector where ANUL is A multiplied by w.
Problem 2

A =

      805245     1526885      -46223      775724      940726      976312      314073      746685
     -822036    -1416190      -87640     -602850     -889474     -991695     -339151     -761882
      378252      533501      197255      460676      238489      169297      177105      281337
      172380      630893     -285395      660318      322553      143886       29234      142189
     -205620     -374122      -16430     -277392     -199342     -165354      -83926     -170306
     -327264     -550296      -97610     -597966     -223512      -81567     -143067     -227076


ARANK =

     3


ANUL =

    0.8518    0.1336    0.0965   -0.0482   -0.0276
   -0.3179    0.4243    0.3400   -0.1183   -0.4281
   -0.3459   -0.3027    0.3057   -0.0835   -0.0094
   -0.0021   -0.4337   -0.2338   -0.0631    0.0747
   -0.0376   -0.1964    0.4241    0.4665    0.5967
    0.0057   -0.5768   -0.2866   -0.1776   -0.2887
   -0.0964    0.1437   -0.4592    0.7837   -0.2470
   -0.2073    0.3612   -0.5041   -0.3308    0.5566


ANULRANK =

     5


AxANUL =

   3.4078e-10

ANUL vectors are indeed in the null space because when multiplied
back with A the results are 0. In addition they are linearly
independent because their rank is 5.
Problem 3

F =

     8     4    -1     6    -1
     9     5    -4     8     4
    -3     1    -9     4    11
    -6    -4     6    -7    -8
     0     4    -7    10    -7


FREF =

    1.0000         0         0   -0.5000    3.0000
         0    1.0000         0    2.5000   -7.0000
         0         0    1.0000         0   -3.0000
         0         0         0         0         0
         0         0         0         0         0

The first three columns are F are independent, so they would form
the basis of the space spanned by the vectors.
Problem 4

A =

     []


A =

    1.0000    0.8415   -0.4161    0.4546


A =

    1.0000    0.8415   -0.4161    0.4546
    2.0000    0.9093   -0.6536   -0.3784


A =

    1.0000    0.8415   -0.4161    0.4546
    2.0000    0.9093   -0.6536   -0.3784
    3.0000    0.1411    0.9602   -0.1397


A =

    1.0000    0.8415   -0.4161    0.4546
    2.0000    0.9093   -0.6536   -0.3784
    3.0000    0.1411    0.9602   -0.1397
    4.0000   -0.7568   -0.1455    0.4947


detA =

   -6.0242

The set of functions is linearly independent because its determinant is not 0.
Problem 5

rankA =

     3

The coefficients of the polynomials don't result in a rank of 4
so the polynomials don't form the basis of P3.
Problem 6

ans =

    0.5213    0.2095    0.3998
    0.0626    0.3744    0.0626
    0.4161    0.4161    0.5377


ans =

    0.4512    0.3540    0.4365
    0.0821    0.1793    0.0821
    0.4667    0.4667    0.4815


ans =

    0.4390    0.4087    0.4372
    0.0882    0.1185    0.0882
    0.4728    0.4728    0.4746


ans =

    0.4364    0.4269    0.4362
    0.0900    0.0995    0.0900
    0.4736    0.4736    0.4738


ans =

    0.4357    0.4327    0.4357
    0.0906    0.0936    0.0906
    0.4737    0.4737    0.4737


ans =

    0.4355    0.4346    0.4355
    0.0908    0.0917    0.0908
    0.4737    0.4737    0.4737


ans =

    0.4354    0.4351    0.4354
    0.0909    0.0912    0.0909
    0.4737    0.4737    0.4737


ans =

    0.4354    0.4353    0.4354
    0.0909    0.0910    0.0909
    0.4737    0.4737    0.4737


ans =

    0.4354    0.4354    0.4354
    0.0909    0.0909    0.0909
    0.4737    0.4737    0.4737


ans =

    0.4354    0.4354    0.4354
    0.0909    0.0909    0.0909
    0.4737    0.4737    0.4737


P =

    0.6701
    0.1399
    0.7290


R =

   1.0e-16 *

         0
    0.2776
         0

